Benchmarks	system.cpu.cpi	system.cpu.dcache.overall_miss_rate::total	system.cpu.icache.overall_miss_rate::total	system.l2.overall_miss_rate::total
specmcf32_64	1.178558	0.006983	0.000042	0.224871
specmcf128_64	1.146475	0.002399	0.000042	0.757073
specmcf128_128	1.146439	0.002399	0.000018	0.764245
specmcf128_256	1.146439	0.002399	0.000018	0.764329
specmcf256_128	1.144024	0.002091	0.000018	0.856499
specmcf256_256	1.144024	0.002091	0.000018	0.856607
specmcfcls32	1.191632	0.007979	0.000048	0.353152
specmcfcls128	1.159466	0.006827	0.000034	0.133749
specmcfcls256	1.218669	0.016365	0.000033	0.034143
specmcfl1assoc2	1.146392	0.002493	0.000018	0.738945
specmcfl1assoc4	1.145636	0.002345	0.000018	0.803553
specmcfl1assoc4_8	1.145636	0.002345	0.000018	0.803553
specmcfl1assoc8_4	1.145533	0.002309	0.000018	0.804771
specmcfl2assoc2	1.176616	0.006983	0.000042	0.214748
specmcfl2assoc4	1.176176	0.006983	0.000042	0.212559
specmcfl2assoc8	1.176050	0.006983	0.000042	0.212257
specmcfl21024	1.175090	0.006982	0.000042	0.207246
specmcfl22048	1.173013	0.006982	0.000042	0.197012
specmcfl24096	1.170265	0.006982	0.000042	0.181911
