Benchmarks	system.cpu.cpi	system.cpu.dcache.overall_miss_rate::total	system.cpu.icache.overall_miss_rate::total	system.l2.overall_miss_rate::total
spechmmer32_64	1.233244	0.005677	0.000404	0.024983
spechmmer128_64	1.190221	0.001458	0.000402	0.087263
spechmmer128_128	1.190035	0.001458	0.000365	0.085670
spechmmer128_256	1.190021	0.001458	0.000355	0.085772
spechmmer256_128	1.182759	0.000214	0.000365	0.444077
spechmmer256_256	1.182732	0.000214	0.000355	0.450104
spechmmercls32	1.227756	0.006472	0.000421	0.038715
spechmmercls128	1.240990	0.005724	0.000387	0.014695
spechmmercls256	1.284272	0.008327	0.000411	0.006403
spechmmerl1assoc2	1.188707	0.002354	0.000087	0.058526
spechmmerl1assoc4	1.185793	0.002027	0.000083	0.067895
spechmmerl1assoc4_8	1.185793	0.002027	0.000083	0.067895
spechmmerl1assoc8_4	1.185873	0.002019	0.000081	0.068095
spechmmerl2assoc2	1.232977	0.005675	0.000404	0.022744
spechmmerl2assoc4	1.232977	0.005675	0.000404	0.022719
spechmmerl2assoc8	1.232977	0.005675	0.000404	0.022719
spechmmerl21024	1.232977	0.005675	0.000404	0.022719
spechmmerl22048	1.232977	0.005675	0.000404	0.022719
spechmmerl24096	1.232977	0.005675	0.000404	0.022719
