Benchmarks	system.cpu.cpi	system.cpu.dcache.overall_miss_rate::total	system.cpu.icache.overall_miss_rate::total	system.l2.overall_miss_rate::total
specbzip32_64	1.741803	0.021353	0.000078	0.300503
specbzip128_64	1.664061	0.014029	0.000078	0.444081
specbzip128_128	1.664243	0.014029	0.000072	0.444108
specbzip128_256	1.664088	0.014028	0.000070	0.444114
specbzip256_128	1.592855	0.008769	0.000072	0.683709
specbzip256_256	1.593129	0.008770	0.000070	0.683733
specbzipcls32	1.849066	0.023845	0.000089	0.422610
specbzipcls128	1.751016	0.021847	0.000063	0.231101
specbzipcls256	1.794351	0.024237	0.000055	0.200441
specbzipl1assoc2	1.701452	0.017789	0.000072	0.359163
specbzipl1assoc4	1.680245	0.015796	0.000070	0.404890
specbzipl1assoc4_8	1.680245	0.015796	0.000070	0.404890
specbzipl1assoc8_4	1.687746	0.016482	0.000070	0.387784
specbzipl2assoc2	1.724184	0.021384	0.000078	0.271750
specbzipl2assoc4	1.722835	0.021387	0.000078	0.265391
specbzipl2assoc8	1.721877	0.021386	0.000078	0.262895
specbzipl21024	1.717719	0.021364	0.000078	0.255612
specbzipl22048	1.693136	0.021381	0.000078	0.213231
specbzipl24096	1.664917	0.021386	0.000078	0.174082
