Benchmarks	system.cpu.cpi	system.cpu.dcache.overall_miss_rate::total	system.cpu.icache.overall_miss_rate::total	system.l2.overall_miss_rate::total
specsjeng32_64	7.061255	0.122441	0.000020	0.990082
specsjeng128_64	7.060422	0.122368	0.000020	0.991257
specsjeng128_128	7.060383	0.122368	0.000019	0.991262
specsjeng128_256	7.060399	0.122368	0.000019	0.991264
specsjeng256_128	7.061122	0.122365	0.000019	0.991297
specsjeng256_256	7.060973	0.122365	0.000019	0.991299
specsjengcls32	11.669733	0.243970	0.000023	0.997409
specsjengcls128	5.016282	0.062105	0.000014	0.962524
specsjengcls256	3.795405	0.032772	0.000011	0.868407
specsjengl1assoc2	7.041155	0.121833	0.000019	0.999956
specsjengl1assoc4	7.041150	0.121831	0.000019	0.999983
specsjengl1assoc4_8	7.041150	0.121831	0.000019	0.999983
specsjengl1assoc8_4	7.041167	0.121831	0.000019	0.999983
specsjengl2assoc2	7.061276	0.122441	0.000020	0.990081
specsjengl2assoc4	7.061374	0.122441	0.000020	0.990080
specsjengl2assoc8	7.060628	0.122441	0.000020	0.990080
specsjengl21024	7.060841	0.122441	0.000020	0.990080
specsjengl22048	7.060022	0.122441	0.000020	0.990080
specsjengl24096	7.058356	0.122441	0.000020	0.990080
