Benchmarks	system.cpu.cpi	system.cpu.dcache.overall_miss_rate::total	system.cpu.icache.overall_miss_rate::total	system.l2.overall_miss_rate::total
speclibm32_64	2.650301	0.062149	0.000097	0.973909
speclibm128_64	2.636110	0.061265	0.000097	0.993749
speclibm128_128	2.636124	0.061265	0.000089	0.993781
speclibm128_256	2.636124	0.061265	0.000084	0.993798
speclibm256_128	2.633358	0.061117	0.000089	0.997167
speclibm256_256	2.633358	0.061117	0.000084	0.997185
speclibmcls32	3.929894	0.122416	0.000090	0.994318
speclibmcls128	2.027656	0.033068	0.000107	0.896950
speclibmcls256	1.732841	0.020665	0.000121	0.678910
speclibml1assoc2	2.631263	0.060972	0.000088	0.999965
speclibml1assoc4	2.631263	0.060971	0.000085	0.999979
speclibml1assoc4_8	2.631263	0.060971	0.000085	0.999979
speclibml1assoc8_4	2.631263	0.060971	0.000084	0.999981
speclibml2assoc2	2.650259	0.062151	0.000097	0.973317
speclibml2assoc4	2.649958	0.062151	0.000097	0.973317
speclibml2assoc8	2.647551	0.062151	0.000097	0.973317
speclibml21024	2.649320	0.062150	0.000097	0.973615
speclibml22048	2.647819	0.062150	0.000097	0.973464
speclibml24096	2.644902	0.062151	0.000097	0.973389
